mm       = 1.0e-3;
cm       = 1.0e-2;
microns  = 1.0e-6;
um       = 1.0e-6;
nm       = 1.0e-9;
mas      = pi/180/60/60/1000;